[0,3,6,9,12,15,18,21,24,27,30,33,36,39,42,45,48,51,54,57,60,63,66,69,72,75,78,81,84,87,90,93,96,99,102,105,108,111,114,117,120,123,126,129,132,135,138,141,144,147,150,153,156,159,162,165,168,171,174,177,180,183,186,189,192,195,198,201,204,207,210,213,216,219,222,225,228,231,234,237,240,243,246,249,252,255,258,261,264,267]


[250.00,28943.59,63374.03,98234.38,112337.67,117356.94,119931.56,124749.77,143335.07,159402.15,178390.65,208955.26,228950.98,238529.00,248407.64,253157.39,259181.90,312740.40,322604.00,354189.56,382354.99,396760.55,404297.11,410676.75,428095.85,459617.04,478559.91,541043.22,581856.64,605294.19,616472.31,626608.35,645273.42,663356.75,695485.08,726676.55,773595.79,793695.51,813377.97,826081.64,875296.62,900830.29,930272.20,1004342.04,1083441.32,1109871.30,1116721.33,1132198.35,1168556.89,1276944.33,1459904.20,1580898.95,1808575.64,2071989.76,2273846.99,2274286.99,2274646.99,2279391.76,2279733.76,2279758.76,2279993.76,2280118.76,2280138.76,2280248.76,2280268.76,2293860.66,2293885.66,2293930.66,2293960.66,2294648.66,2294868.66,2294878.66,2294883.66,2294913.66,2294918.66,2294943.66,2294968.66,2294978.66,2295008.66,2295013.66,2295018.66,2295028.66,2295180.66,2295190.66]


[1240.00,56658.26,74948.22,111009.67,132705.17,139822.86,144203.86,146152.11,155435.53,183164.93,200387.18,210057.08,225956.32,245310.26,250967.95,259233.54,279269.19,300494.83,340101.86,375576.19,417507.98,440660.96,454963.28,461027.56,486605.82,507060.54,524236.76,549044.78,584622.14,604436.92,609892.36,612846.85,620978.84,635858.42,654181.84,699994.96,726373.62,759749.59,777993.22,787274.44,814503.52,841696.05,871485.07,974303.77,1075465.83,1125358.32,1140396.88,1165323.81,1202105.00,1290368.03,1392422.75,1533581.75,1650728.11,1745992.90,1771069.48,1771294.48,1771587.38,1786832.38,1786937.38,1788782.38,1791602.38,1791687.38,1791867.38,1791927.38,1791957.37,1792022.37,1792122.37,1792147.37,1792197.37,1792222.37,1792242.37,1792257.37,1792282.37,1792292.37,1792342.37]


[67421.16,86304.12,111051.96,142166.20,166667.65,172629.50,176988.50,180869.06,214530.51,234031.27,246273.88,312247.04,324206.82,333080.36,346414.16,353303.64,359264.61,379128.05,402876.84,445528.87,490253.39,518091.91,522909.46,534212.83,565775.71,586732.89,603029.30,616007.11,680309.43,721639.35,728935.42,733030.90,748711.07,766787.23,786890.84,809297.68,907670.83,932880.91,940745.30,945604.12,955994.25,988045.47,1060882.56,1139230.82,1220581.21,1252457.78,1266471.30,1288924.26,1322331.01,1485290.37,1631208.91,1784178.87,1876860.35,2131339.99,2132100.79,2132515.79,2133085.79,2136532.79,2136654.79,2136929.79,2137804.79,2137864.79,2147864.79,2152464.79,2153300.29,2153365.29,2153370.29,2153395.29,2153420.29,2153445.29,2153455.29,2153480.29,2153490.29,2168873.51,2168888.51,2168913.51]


[130.00,20648.46,38882.74,67649.47,92664.16,102552.06,108126.73,110775.46,118010.26,136038.50,155017.27,187200.95,210380.61,236529.51,243809.57,254730.34,261897.86,270362.06,310471.99,349101.52,375819.71,386332.20,390014.65,397063.65,402423.03,414451.50,431054.01,456590.42,516523.02,523948.72,534932.45,540929.87,550704.66,574405.06,613585.21,691070.09,742946.45,758422.68,763579.58,770741.53,801279.94,836366.69,864338.57,927211.88,1030330.59,1122194.22,1138873.87,1152490.91,1175834.03,1242469.75,1382505.47,1680612.26,1841726.14,2289721.95,2311274.44,2312019.44,2312399.44,2312674.44,2312774.44,2313224.44,2313469.44,2315676.44,2315701.44,2315751.44,2315781.44,2333245.44,2333270.44,2333295.44,2334595.44,2334600.44,2334700.44,2334715.44,2334735.44,2334785.44,2334795.44,2334820.44,2334870.44]


